60 153
73
34 6 2 21
13 3 7 108
13 5 46 7
10 12 37 20
10 12 48 69
6 7 42 75
6 15 3 51
25 7 7 29
25 15 5 133
21 12 34 129
16 7 12 120
16 5 44 92
21 3 16 150
21 5 18 90
5 7 38 6
5 5 5 72
4 1 29 27
4 10 10 51
6 13 37 95
12 13 28 113
12 9 32 65
23 6 7 84
7 3 41 61
7 5 50 145
2 1 56 89
2 10 49 108
6 6 10 39
6 5 28 96
14 7 36 143
14 6 12 73
16 3 36 126
16 5 35 0
14 6 1 127
14 5 8 103
14 13 36 32
3 2 19 27
3 7 32 54
11 2 38 15
11 7 10 95
6 7 33 82
6 6 50 81
33 14 5 5
12 4 41 118
12 3 19 81
16 18 20 36
12 3 27 74
12 18 19 54
4 4 27 1
4 3 49 46
3 1 21 4
3 2 16 130
6 9 48 99
6 9 0 40
6 1 37 110
6 2 35 79
5 7 40 85
5 18 36 47
3 9 16 57
3 9 43 109
9 18 50 51
6 5 4 115
6 2 53 97
2 12 53 113
2 9 47 52
8 3 12 111
8 9 29 101
10 9 49 18
3 5 34 27
3 2 14 54
3 18 56 104
3 7 30 139
2 3 32 33
300.42